--------------- 100 VALUES ----------------

VAL1="39 26 62 48 65 49 78 87 76 79 5 88 100 60 21 61 86 4 45 23 89 35 42 8 19 33 11 10 58 80 90 75 36 83 97 9 20 55 96 22 72 16 84 99 38 73 70 98 30 27 24 12 29 44 64 57 69 15 68 81 7 51 74 46 43 40 47 91 13 85 25 41 28 6 82 93 2 56 37 3 50 52 53 71 95 54 66 32 92 34 1 63 94 17 59 67 77 18 14 31";

VAL2="141 67 114 73 146 52 89 108 81 102 136 121 124 86 144 66 138 140 77 149 50 85 82 112 130 62 84 143 115 55 119 145 76 128 88 51 142 87 94 80 127 135 105 72 107 74 58 56 131 79 132 129 150 95 123 68 64 96 69 134 148 57 70 97 78 91 63 133 103 100 111 93 118 125 120 137 60 99 90 98 92 117 71 65 147 54 59 113 101 83 104 116 75 110 106 122 126 109 61 53 139";

VAL3="279 289 260 252 210 212 220 228 262 285 280 230 288 209 237 271 265 257 239 203 255 258 233 270 231 287 222 278 216 202 211 221 295 218 277 299 256 217 214 241 297 294 282 273 263 290 248 266 236 213 298 261 300 254 232 238 223 293 284 204 215 264 268 276 240 244 208 235 283 246 206 225 229 205 259 267 219 247 227 249 242 234 250 226 281 253 296 269 274 292 207 224 272 243 245 275 291 251 286";

--------------- 500 VALUES ----------------

VAL4="8 370 97 139 298 463 223 114 385 198 71 50 138 182 242 240 296 391 110 159 273 54 113 263 149 313 199 285 468 72 43 299 230 23 399 448 473 237 27 245 427 112 295 495 290 178 7 307 284 257 267 382 358 211 26 349 314 410 133 220 289 215 91 79 338 25 188 297 261 94 169 13 396 433 343 264 312 219 155 201 437 52 60 478 416 386 107 18 488 167 451 105 204 233 373 319 64 324 300 116 316 84 467 168 129 282 121 186 10 321 3 108 439 458 21 364 11 118 212 499 81 348 247 234 20 12 14 122 34 179 16 413 77 442 87 294 124 37 435 227 28 85 258 424 238 148 38 150 214 272 153 44 152 90 408 106 158 140 161 335 418 151 471 472 171 455 363 192 318 389 342 288 205 387 63 419 315 454 287 341 55 40 457 216 420 78 460 189 353 218 456 69 302 1 266 172 181 33 262 166 162 281 29 362 398 449 465 146 334 76 83 65 67 371 429 346 88 332 249 177 48 119 333 47 19 477 426 498 209 412 500 275 39 379 274 470 207 191 17 311 96 228 58 244 301 210 268 337 135 436 411 438 356 494 376 165 68 217 483 229 269 445 322 175 329 46 317 15 196 305 164 444 226 476 323 4 480 128 61 366 309 392 368 303 225 306 446 197 142 345 251 423 45 479 134 95 80 73 36 101 62 176 145 174 30 250 409 184 59 291 487 414 74 49 310 6 327 117 92 147 156 325 336 331 283 279 339 277 170 180 213 404 377 496 351 208 253 421 270 252 491 120 123 111 374 361 5 462 395 160 141 132 390 443 89 428 221 241 202 461 450 41 357 203 464 430 254 103 222 35 127 405 493 292 380 236 190 255 286 452 360 355 432 354 248 365 485 469 235 193 259 183 278 375 388 231 187 293 425 402 200 104 82 490 246 481 42 330 340 280 125 24 232 98 115 31 194 143 66 347 157 453 154 369 276 378 434 397 136 173 372 99 403 447 350 144 441 260 407 394 185 482 381 308 126 93 475 70 86 401 22 393 51 492 417 304 489 431 224 163 400 383 484 415 352 57 206 271 2 195 384 130 0 243 440 328 359 459 422 466 367 486 75 497 53 131 32 109 320 265 344 474 137 9 56 326 239 256 102 100 406";

